07 33 32 50 11 61 
34 01 13 57 18 18 
59 17 54 35 37 20 
16 14 18 20 06 20 
07 02 49 34 69 68 
67 53 23 42 69 54 
33 25 60 06 59 25 
65 59 22 43 53 47 
32 47 33 57 49 13 
48 25 62 24 08 42 
62 54 31 22 33 37 
26 26 44 55 17 68 
61 38 02 01 34 04 
55 55 21 69 09 56 
37 63 34 22 44 21 
03 38 31 06 16 39 
36 15 16 55 24 28 
31 19 09 47 46 30 
02 11 02 26 10 45 
43 04 25 46 40 14 
50 45 41 22 58 35 
24 46 10 05 48 48 
37 24 31 63 02 56 
56 47 48 55 33 43 
12 54 26 18 17 59 
45 64 54 67 61 22 
46 21 06 41 17 47 
51 29 43 29 11 41 
04 20 45 50 22 12 
42 24 44 53 39 13 
60 51 44 42 17 59 
48 26 48 58 15 15 
54 62 17 51 59 33 
24 54 52 58 40 47 
22 28 46 26 16 09 
05 66 22 44 16 33 
62 27 45 29 50 02 
38 22 02 16 03 01 
24 44 68 69 08 56 
49 57 64 57 17 33 
36 39 45 47 22 22 
58 31 60 67 21 02 
68 58 13 23 31 14 
69 65 22 15 53 31 
12 44 51 56 21 54 
53 48 64 46 06 24 
43 67 68 31 06 04 
18 42 03 65 07 30 
25 24 18 23 67 26 
67 10 63 21 21 09 
20 06 12 27 18 21 
35 27 38 15 42 42 
47 59 15 45 02 56 
61 44 07 67 42 09 
04 17 18 20 43 20 
22 26 16 69 19 14 
44 66 14 61 65 05 
04 02 69 08 39 66 
21 58 08 29 55 63 
30 16 06 19 12 28 
68 64 04 45 11 02 
66 28 47 37 19 53 
51 58 13 25 01 42 
26 15 56 06 66 37 
53 03 14 23 02 24 
33 21 03 10 39 37 
16 29 63 25 54 21 
23 15 20 10 39 47 
20 56 06 25 27 32 
63 60 48 47 64 48 
06 57 29 24 61 30 
05 18 43 18 28 41 
17 67 33 47 05 22 
68 24 31 15 16 44 
12 36 11 43 67 07 
38 66 67 51 46 21 
44 07 38 37 16 19 
64 27 09 61 41 15 
32 53 31 11 64 31 
16 46 35 68 18 08 
18 56 03 38 04 09 
05 28 09 09 37 55 
58 21 39 45 42 59 
38 59 26 35 49 06 
68 22 56 58 51 06 
33 06 59 15 53 34 
08 30 31 64 46 54 
27 47 58 27 68 32 
21 46 63 21 06 12 
63 41 67 14 05 29 
50 57 68 07 42 31 
50 50 02 37 39 09 
17 44 55 55 34 17 
17 47 08 60 35 31 
25 69 04 19 54 07 
35 68 49 48 07 19 
42 55 05 50 06 03 
58 09 15 13 68 55 
56 18 58 09 15 24 
68 58 29 13 18 46 
43 50 66 09 49 09 
51 51 53 54 19 02 
54 38 04 03 46 28 
22 53 01 52 29 11 
07 58 49 64 49 04 
48 46 56 47 35 35 
58 68 30 12 48 04 
42 59 32 38 28 57 
38 08 56 02 47 25 
21 02 40 52 22 09 
25 41 58 47 07 21 
40 36 10 11 02 29 
02 66 45 48 21 15 
30 57 23 11 18 22 
61 09 39 14 26 09 
43 01 29 22 38 35 
69 51 02 28 04 47 
01 25 40 10 23 25 
23 21 63 53 56 04 
11 22 30 25 12 01 
49 64 65 61 34 46 
66 31 62 69 41 50 
39 53 45 59 13 31 
08 16 55 03 14 03 
38 66 21 44 68 26 
09 40 22 48 06 61 
37 37 47 40 14 56 
02 11 24 53 39 03 
51 27 34 31 47 25 
44 47 24 42 29 51 
42 16 10 66 42 25 
27 39 45 29 60 10 
47 69 60 15 09 26 
31 20 22 01 24 28 
34 58 10 42 12 19 
15 25 62 41 37 05 
47 35 26 31 33 12 
24 07 40 19 25 66 
25 39 16 12 44 58 
61 36 35 34 64 63 
12 06 16 21 68 54 
30 59 27 69 31 32 
57 04 10 09 12 20 
16 08 24 62 12 53 
26 27 57 30 40 23 
15 62 56 02 55 63 
05 18 68 68 60 30 
37 52 43 62 38 36 
32 44 64 44 36 43 
51 61 02 16 34 27 
28 61 28 38 55 20 
62 16 51 47 65 30 
63 48 19 57 08 19 
26 25 10 01 16 40 
45 58 63 62 19 19 
51 14 46 41 41 10 
41 07 64 02 57 67 
03 25 05 34 41 09 
53 66 14 65 47 34 
02 14 03 63 09 10 
47 39 67 62 47 24 
52 56 23 50 31 07 
43 19 21 23 44 58 
19 18 57 14 44 27 
44 21 59 51 32 12 
27 23 62 41 26 01 
56 50 11 19 62 21 
30 17 41 60 45 25 
42 69 19 51 62 69 
50 63 24 57 09 59 
53 39 20 17 40 49 
21 07 22 63 14 22 
36 57 36 02 02 64 
05 11 68 38 48 42 
22 20 63 42 59 03 
62 04 20 26 49 04 
19 09 02 46 34 46 
46 21 05 10 62 03 
62 23 43 01 24 07 
23 13 12 27 03 24 
01 41 67 53 16 03 
11 20 28 46 65 15 
46 56 47 24 55 29 
59 48 04 15 52 29 
58 44 22 69 19 53 
05 49 02 54 53 17 
30 36 61 40 26 27 
48 31 08 07 33 66 
14 20 49 14 62 08 
52 48 22 46 63 03 
51 66 44 24 37 17 
29 55 64 52 58 28 
02 19 47 65 58 26 
60 46 60 43 10 18 
12 09 12 02 46 68 
22 38 49 02 38 23 
12 10 18 35 52 39 
14 69 62 60 38 44 
48 54 42 34 14 33 
08 41 25 33 24 26 
41 14 53 27 24 16 
38 51 52 55 55 35 
40 51 09 14 34 09 
20 23 25 65 33 53 
10 41 28 28 10 09 
34 60 64 52 32 68 
38 03 04 07 24 62 
57 47 37 29 14 19 
62 67 11 27 63 68 
56 52 28 12 03 50 
03 30 26 38 16 11 
12 14 37 10 53 12 
36 61 66 11 42 15 
49 69 27 38 24 68 
38 49 07 16 19 10 
01 63 49 52 39 40 
19 05 51 68 47 28 
55 50 49 56 19 36 
10 08 13 61 19 49 
17 07 15 60 58 64 
43 24 14 36 04 67 
11 18 10 58 22 10 
32 02 29 02 54 01 
65 50 50 10 29 66 
19 14 11 10 39 02 
05 34 28 40 07 38 
42 33 39 16 32 18 
65 52 36 67 39 01 
08 40 22 35 55 14 
36 06 11 24 02 25 
48 28 58 28 16 42 
65 12 26 47 40 03 
04 10 17 15 41 17 
45 47 11 46 47 12 
62 47 68 57 35 15 
27 27 57 67 30 44 
19 22 43 27 16 40 
46 37 31 50 68 55 
28 08 54 39 54 53 
33 23 11 10 15 19 
34 09 43 46 48 51 
66 54 69 28 52 67 
35 52 62 21 01 57 
19 50 38 60 67 68 
06 15 51 02 67 14 
57 42 57 32 24 18 
04 05 63 66 47 31 
31 07 41 40 36 35 
09 54 03 60 43 11 
42 53 60 30 33 68 
07 23 06 19 57 19 
59 38 53 61 39 12 
15 48 26 29 56 60 
58 56 21 17 69 63 
66 07 04 62 61 38 
15 51 68 33 68 68 
35 61 44 35 40 10 
41 40 41 02 51 23 
26 46 57 68 04 61 
20 56 28 25 68 62 
36 24 54 52 31 40 
48 41 42 45 52 52 
34 20 49 35 69 15 
21 17 38 13 01 67 
48 10 59 16 33 43 
62 12 53 15 14 30 
59 36 41 50 08 44 
14 47 31 09 10 34 
33 50 10 08 41 41 
47 60 61 58 63 57 
17 47 15 24 12 47 
67 67 13 32 26 51 
07 67 12 62 10 55 
29 64 15 36 48 67 
19 32 15 52 13 29 
43 03 49 50 31 61 
14 25 50 13 15 37 
18 63 51 39 65 65 
41 46 03 51 07 19 
52 51 17 24 03 26 
07 56 06 67 60 55 
05 62 08 43 11 42 
56 28 61 27 08 36 
48 51 38 27 33 53 
01 66 53 34 15 48 
20 12 50 20 44 36 
06 39 29 25 58 04 
02 02 69 53 11 62 
51 34 53 54 21 55 
54 47 20 62 10 66 
53 48 52 07 40 54 
62 13 04 49 56 44 
68 40 47 69 05 67 
09 10 68 01 68 35 
26 01 58 16 35 15 
12 40 02 09 36 06 
23 56 63 42 69 01 
39 42 03 45 33 43 
36 05 66 04 37 22 
36 21 56 10 27 12 
17 51 53 43 17 50 
56 27 40 63 51 67 
35 67 08 64 33 04 
09 38 18 44 36 57 
48 01 15 10 26 36 
62 29 33 26 36 57 
10 41 36 47 24 03 
52 33 52 34 46 46 
46 02 30 56 65 69 
65 31 11 24 15 50 
37 46 66 66 23 47 
24 33 58 54 46 17 
18 61 38 15 63 05 
41 48 15 16 06 33 
45 32 07 27 28 48 
20 46 61 48 20 43 
35 38 55 15 16 21 
02 17 59 49 65 42 
05 26 55 29 61 26 
62 21 60 14 47 62 
65 54 20 19 16 57 
50 69 39 09 34 59 
20 25 01 51 66 58 
01 59 02 64 02 41 
58 68 62 45 14 02 
11 19 53 06 25 51 
14 58 26 02 36 41 
31 23 49 26 47 64 
14 48 10 52 58 32 
32 51 37 49 67 52 
65 58 36 31 39 69 
68 11 21 21 26 14 
07 06 55 11 20 40 
55 12 41 60 57 61 
08 64 18 37 58 50 
14 45 10 40 62 12 
65 48 48 12 05 32 
15 41 60 44 08 57 
14 26 25 34 28 67 
44 56 57 67 09 10 
25 25 31 12 04 34 
26 64 32 35 01 39 
43 02 65 20 24 18 
12 04 65 57 13 05 
15 01 35 24 33 28 
07 52 58 59 43 60 
40 49 35 09 27 40 
16 08 27 58 48 09 
12 31 19 20 14 43 
54 33 23 35 20 04 
19 23 50 61 62 59 
29 02 63 50 26 65 
57 41 49 27 40 12 
09 51 08 31 18 36 
68 16 38 29 32 20 
32 17 49 43 40 17 
69 03 16 11 13 68 
59 45 01 56 68 10 
62 12 12 51 20 57 
64 34 60 08 32 48 
19 47 67 43 08 19 
62 60 09 36 21 42 
62 10 26 30 38 11 
22 52 18 60 60 69 
61 24 65 66 10 66 
23 28 33 31 12 66 
40 24 11 20 34 11 
22 14 10 64 03 68 
67 55 55 47 11 19 
67 36 03 66 45 01 
52 15 07 46 29 32 
47 62 08 60 39 32 
07 14 59 06 58 23 
32 39 43 01 12 18 
68 52 39 56 16 10 
37 40 34 38 04 07 
61 66 39 36 41 12 
34 60 66 29 38 46 
28 47 19 01 51 26 
35 03 18 47 07 05 
65 12 67 47 55 45 
66 60 52 43 04 16 
64 51 29 32 39 46 
23 55 54 51 66 16 
50 35 32 26 21 21 
14 66 41 51 52 30 
11 61 03 31 10 62 
58 60 47 56 42 26 
29 38 30 33 62 33 
46 43 40 29 09 16 
07 61 32 44 24 13 
63 40 39 38 46 55 
49 15 46 25 66 46 
40 38 22 39 03 31 
24 65 25 14 69 09 
18 58 16 63 59 52 
61 06 42 12 21 44 
39 51 50 36 64 18 
36 25 64 08 14 10 
69 49 25 27 16 67 
55 02 32 49 21 37 
23 55 38 37 24 06 
02 09 28 48 35 63 
40 61 46 10 67 09 
36 53 63 35 32 49 
12 34 40 39 06 04 
31 19 63 06 15 32 
30 35 34 63 68 35 
41 21 32 69 03 27 
34 16 46 68 67 52 
56 28 20 53 21 12 
08 31 67 12 44 66 
54 11 10 05 26 22 
11 02 41 02 32 04 
22 27 57 22 24 53 
11 29 56 55 16 17 
05 24 34 34 28 62 
26 42 43 32 10 39 
10 54 24 61 45 58 
50 30 26 36 18 53 
48 15 04 38 50 11 
14 20 45 62 51 34 
55 53 11 65 41 42 
61 69 08 48 42 24 
06 59 50 66 21 20 
61 60 57 54 10 09 
03 23 38 56 45 02 
16 09 34 42 54 02 
22 54 56 40 48 36 
62 67 62 41 32 55 
21 54 53 60 38 31 
26 69 21 15 36 25 
47 52 09 43 16 22 
15 40 35 50 38 25 
57 62 30 30 43 64 
06 31 52 30 28 28 
17 32 63 18 07 46 
25 69 34 15 01 37 
18 15 46 43 38 19 
03 56 08 32 42 24 
56 40 24 03 20 66 
10 62 61 43 08 09 
30 56 16 27 09 23 
43 19 46 47 18 03 
65 17 18 23 47 14 
56 36 68 05 49 14 
21 64 24 02 18 36 
61 42 43 41 53 13 
40 54 43 62 59 03 
49 43 33 21 69 48 
22 41 04 02 36 37 
34 40 21 56 52 69 
59 48 11 44 53 20 
12 59 53 49 01 01 
64 15 23 52 36 43 
22 48 34 47 25 26 
63 17 25 05 32 40 
40 29 67 16 52 41 
38 25 39 49 51 27 
62 44 54 05 54 14 
15 38 23 61 48 57 
01 13 29 36 22 03 
47 66 52 23 47 43 
06 63 33 18 22 33 
67 53 64 49 65 65 
30 20 37 42 67 28 
26 67 35 57 22 20 
07 52 42 23 51 34 
60 36 21 29 10 28 
51 65 23 54 43 04 
24 30 55 15 68 50 
64 20 48 15 55 56 
50 60 13 67 55 54 
63 30 21 08 13 60 
45 41 51 31 15 36 
60 12 39 65 26 58 
23 54 10 15 65 52 
31 25 07 37 66 62 
43 04 23 27 41 47 
07 31 21 12 16 07 
52 48 64 24 45 52 
05 30 17 10 54 32 
25 59 13 03 06 04 
48 11 51 42 31 17 
40 06 68 23 26 15 
56 10 62 36 45 10 
03 41 62 26 02 21 
19 58 13 26 67 56 
38 57 59 27 08 62 
55 65 37 61 35 51 
20 28 11 40 57 44 
36 54 57 12 52 38 
49 49 12 29 52 05 
06 07 64 26 27 30 
09 21 02 29 08 30 
52 67 67 63 13 53 
49 50 17 09 04 64 
05 49 39 55 43 67 
49 58 43 38 28 32 
63 18 59 63 46 14 
17 69 69 43 64 52 
51 13 09 39 13 19 
62 53 20 10 62 59 
26 68 23 61 31 66 
08 55 11 58 41 14 
12 01 16 11 57 54 
35 06 32 19 61 10 
25 59 25 37 64 13 
22 15 67 03 42 09 
29 50 43 63 04 17 
26 43 12 41 32 34 
62 69 52 22 49 65 
56 20 39 01 35 13 
59 07 17 34 09 15 
01 54 13 28 13 33 
50 64 67 03 49 10 
04 57 10 29 03 15 
45 27 61 04 38 57 
27 17 51 60 35 24 
38 31 59 19 59 39 
55 46 50 67 07 33 
10 42 15 41 37 48 
33 12 20 53 29 46 
14 17 66 23 67 38 
39 09 42 60 41 14 
17 54 45 55 59 23 
04 53 04 52 31 22 
66 39 24 04 31 67 
14 11 61 29 28 38 
03 21 22 28 10 07 
12 01 44 51 25 18 
39 54 67 32 44 39 
03 07 14 64 18 37 
01 35 21 15 63 33 
16 30 23 48 31 22 
08 18 48 26 15 27 
64 48 27 28 63 36 
40 63 64 42 06 38 
28 50 37 48 68 28 
40 56 02 45 67 37 
09 17 25 64 45 30 
62 30 56 69 12 50 
37 09 43 38 21 40 
65 52 26 44 64 50 
63 12 44 67 59 62 
44 07 26 23 54 53 
43 10 15 62 59 39 
34 69 40 32 16 57 
58 21 44 50 46 49 
35 65 07 55 37 36 
04 28 02 08 18 27 
15 63 55 58 61 57 
68 65 31 12 54 34 
22 07 65 21 11 35 
07 21 28 02 68 06 
16 32 36 56 69 43 
39 47 49 53 48 21 
50 53 46 41 16 07 
07 27 41 43 01 50 
56 19 43 67 39 60 
46 07 31 66 05 58 
14 35 36 09 08 54 
09 28 13 58 02 68 
08 66 42 14 01 12 
38 23 30 44 38 22 
36 27 41 49 57 07 
62 30 17 60 46 33 
55 43 19 10 12 38 
36 62 44 60 57 65 
36 51 60 57 63 69 
49 63 39 25 19 59 
49 37 43 40 58 69 
56 18 41 62 33 34 
23 48 47 14 58 65 
02 06 53 47 66 33 
16 52 53 28 13 11 
31 36 37 57 50 16 
12 37 57 04 58 61 
08 31 24 66 21 55 
62 11 17 29 07 17 
67 59 39 37 63 13 
68 04 50 11 15 55 
45 12 59 40 57 20 
41 16 30 43 52 36 
04 68 03 52 03 08 
20 15 17 21 15 33 
12 04 62 03 41 11 
56 44 60 57 13 16 
40 11 33 21 10 43 
25 67 20 29 66 67 
41 45 08 29 56 53 
64 64 12 32 04 46 
26 52 29 57 34 27 
20 58 07 50 42 38 
57 60 69 65 32 13 
11 29 34 34 45 68 
16 32 62 59 38 23 
04 67 33 61 25 06 
29 65 58 15 20 32 
24 04 07 57 32 68 
47 49 63 12 10 54 
44 31 32 44 17 30 
35 30 62 33 15 44 
09 04 57 31 69 02 
46 66 24 50 61 05 
37 09 23 52 33 18 
68 53 45 34 55 38 
35 13 24 16 41 26 
51 35 06 03 38 66 
15 69 14 50 40 38 
05 59 50 09 59 32 
41 59 06 07 58 44 
26 68 01 09 11 43 
28 60 33 56 43 08 
29 13 47 50 38 53 
40 45 53 27 01 22 
51 49 25 41 18 32 
12 61 47 02 60 46 
38 25 26 65 23 49 
50 42 52 12 03 15 
29 21 18 18 56 67 
66 02 60 53 07 16 
33 37 47 05 43 27 
63 25 22 05 59 41 
56 13 65 11 41 38 
54 43 52 36 02 10 
43 67 53 54 20 65 
69 10 40 45 67 18 
66 44 18 01 47 55 
53 42 53 59 66 01 
03 19 61 26 42 37 
47 46 35 46 08 63 
65 43 45 40 19 14 
36 20 55 39 31 64 
24 43 54 59 43 21 
49 66 29 26 31 47 
59 09 05 01 34 27 
24 09 41 46 09 31 
14 51 53 12 51 56 
25 30 40 48 17 19 
47 11 11 58 46 17 
52 48 40 56 48 66 
22 61 68 62 15 41 
17 13 13 31 65 14 
36 06 68 44 42 15 
54 50 25 28 35 54 
01 49 09 33 12 53 
58 33 29 22 29 51 
39 38 48 33 13 55 
69 59 08 57 39 46 
30 68 22 59 40 38 
49 23 22 21 26 20 
31 18 10 48 48 09 
20 60 12 22 20 03 